[Untitled-1.jpg]
filters=finetune2=1,0.000000,0.000000,0.000000,00000000,0.298246;
moddate=4bcaddb8de32cf01
width=1366
height=1018
textactive=0
[Untitled-1.1.jpg]
filters=finetune2=1,0.000000,0.000000,0.000000,00000000,0.356725;finetune2=1,0.000000,0.000000,0.000000,00000000,0.263158;
moddate=45dc89b9df32cf01
width=1366
height=1018
textactive=0
